Some((
    red: 0.07825543,
    green: 0.08798755,
    blue: 0.14962423,
    alpha: 1.0,
))