Some((
    red: 0.60235584,
    green: 0.6292563,
    blue: 0.73301524,
))