Some((
    red: 0.6475888,
    green: 0.1919196,
    blue: 0.0,
    alpha: 1.0,
))