Some((
    red: 0.09411765,
    green: 0.09411765,
    blue: 0.09411765,
))