Some((
    red: 0.76714754,
    green: 0.92363036,
    blue: 0.71024954,
))