Some((
    red: 0.09019608,
    green: 0.101960786,
    blue: 0.12941177,
))