Some((
    red: 0.5495451,
    green: 0.5319241,
    blue: 0.49474812,
))