Some((
    red: 0.9137255,
    green: 0.32941175,
    blue: 0.12549019,
))