Some((
    red: 0.47058824,
    green: 0.1607843,
    blue: 0.18039216,
))