Some((
    red: 0.96862745,
    green: 0.96862745,
    blue: 0.96862745,
    alpha: 1.0,
))